========================
KASE
========================

[ZOOM 9 → Z13/Z14/Z15]
(103,194)(104,194)(105,194)
(103,195)(104,195)(105,195)
(103,196)(104,196)(105,196)
CENTER: (104,195)

[ZOOM 11 → Z16]
(415,780)(416,780)(417,780)
(415,781)(416,781)(417,781)
(415,782)(416,782)(417,782)
CENTER: (416,781)

[ZOOM 13 → Z17]
(1662,3122) (1663,3122) (1664,3122) (1665,3122) (1666,3122)
(1662,3123) (1663,3123) (1664,3123) (1665,3123) (1666,3123)
(1662,3124) (1663,3124) (1664,3124) (1665,3124) (1666,3124)
(1662,3125) (1663,3125) (1664,3125) (1665,3125) (1666,3125)
(1662,3126) (1663,3126) (1664,3126) (1665,3126) (1666,3126)
CENTER: (1664,3124)

[ZOOM 13 → Z18]
(1663,3123) (1664,3123) (1665,3123)
(1663,3124) (1664,3124) (1665,3124)
(1663,3125) (1664,3125) (1665,3125)
CENTER: (1664,3124)


========================
KCRQ
========================

[ZOOM 9 → Z13/Z14/Z15]
(88,205)(89,205)(90.205)
(88,206)(89,206)(90,206)
(88,207)(89,207)(90,207)
CENTER: (89.206)

[ZOOM 11 → Z16]
(355,823)(356,823)(357,823)
(355,824)(356,824)(357,824)
(355,825)(356,825)(357,825)
CENTER: (356,824)

[ZOOM 13 → Z17]
(1425,3294) (1426,3294) (1427,3294) (1428,3294) (1429,3294)
(1425,3295) (1426,3295) (1427,3295) (1428,3295) (1429,3295)
(1425,3296) (1426,3296) (1427,3296) (1428,3296) (1429,3296)
(1425,3297) (1426,3297) (1427,3297) (1428,3297) (1429,3297)
(1425,3298) (1426,3298) (1427,3298) (1428,3298) (1429,3298)
CENTER: (1427,3296)

[ZOOM 13 → Z18]
(1426,3295) (1427,3295) (1428,3295)
(1426,3296) (1427,3296) (1428,3296)
(1426,3297) (1427,3297) (1428,3297)
CENTER: (1427,3296)


========================
KMWL
========================

[ZOOM 9 → Z13/Z14/Z15]
(115,205)(116,205)(117,205)
(115,206)(116,206)(117,206)
(115,207)(116,207)(117,207)
CENTER: (116,206)

[ZOOM 11 → Z16]
(465,825)(466,825)(467,825)
(465,826)(466,826)(467,826)
(465,827)(466,827)(467,827)
CENTER: (466,826)

[ZOOM 13 → Z17]
(1862,3303) (1863,3303) (1864,3303) (1865,3303) (1866,3303)
(1862,3304) (1863,3304) (1864,3304) (1865,3304) (1866,3304)
(1862,3305) (1863,3305) (1864,3305) (1865,3305) (1866,3305)
(1862,3306) (1863,3306) (1864,3306) (1865,3306) (1866,3306)
(1862,3307) (1863,3307) (1864,3307) (1865,3307) (1866,3307)
CENTER: (1864,3305)

[ZOOM 13 → Z18]
(1862,3303) (1863,3303) (1864,3303)
(1862,3304) (1863,3304) (1864,3304)
(1862,3305) (1863,3305) (1864,3305)
CENTER: (1863,3304)


========================
KMYF
========================

[ZOOM 9 → Z13/Z14/Z15]
(88,205)(89,205)(90.205)
(88,206)(89,206)(90,206)
(88,207)(89,207)(90,207)
CENTER: (89.206)

[ZOOM 11 → Z16]
(356,825)(357,825)(358,825)
(356,826)(357,826)(358,826)
(356,827)(357,827)(358,827)
CENTER: (357,826)

[ZOOM 13 → Z17]
(1428,3302) (1429,3302) (1430,3302) (1431,3302) (1432,3302)
(1428,3303) (1429,3303) (1430,3303) (1431,3303) (1432,3303)
(1428,3304) (1429,3304) (1430,3304) (1431,3304) (1432,3304)
(1428,3305) (1429,3305) (1430,3305) (1431,3305) (1432,3305)
(1428,3306) (1429,3306) (1430,3306) (1431,3306) (1432,3306)
CENTER: (1430,3304)

[ZOOM 13 → Z18]
(1429,3303) (1430,3303) (1431,3303)
(1429,3304) (1430,3304) (1431,3304)
(1429,3305) (1430,3305) (1431,3305)
CENTER: (1430,3304)


========================
KSAN
========================

[ZOOM 9 → Z13/Z14/Z15]
(88,205)(89,205)(90,205)
(88,206)(89,206)(90,206)
(88,207)(89,207)(90,207)
CENTER: (89,206)

[ZOOM 11 → Z16]
(356,825)(357,825)(358,825)
(356,826)(357,826)(358,826)
(356,827)(357,827)(358,827)
CENTER: (357,826)

[ZOOM 13 → Z17]
(1427,3304) (1428,3304) (1429,3304) (1430,3304) (1431,3304)
(1427,3305) (1428,3305) (1429,3305) (1430,3305) (1431,3305)
(1427,3306) (1428,3306) (1429,3306) (1430,3306) (1431,3306)
(1427,3307) (1428,3307) (1429,3307) (1430,3307) (1431,3307)
(1427,3308) (1428,3308) (1429,3308) (1430,3308) (1431,3308)
CENTER: (1429,3306)

[ZOOM 13 → Z18]
(1428,3305) (1429,3305) (1430,3305)
(1428,3306) (1429,3306) (1430,3306)
(1428,3307) (1429,3307) (1430,3307)
CENTER: (1429,3306)


========================
KDAL
========================

[ZOOM 9 → Z13/Z14/Z15]
(117,205)(118,205)(119,205)
(117,206)(118,206)(119,206)
(117,207)(118,207)(119,207)
CENTER: (118,206)

[ZOOM 11 → Z16]
(472,824)(473,824)(474,824)
(472,825)(473,825)(474,825)
(472,826)(473,826)(474,826)
CENTER: (473,825)

[ZOOM 13 → Z17]
(1890,3301) (1891,3301) (1892,3301) (1893,3301) (1894,3301)
(1890,3302) (1891,3302) (1892,3302) (1893,3302) (1894,3302)
(1890,3303) (1891,3303) (1892,3303) (1893,3303) (1894,3303)
(1890,3304) (1891,3304) (1892,3304) (1893,3304) (1894,3304)
(1890,3305) (1891,3305) (1892,3305) (1893,3305) (1894,3305)
CENTER: (1892,3303)

[ZOOM 13 → Z18]
(1891,3302) (1892,3302) (1893,3302)
(1891,3303) (1892,3303) (1893,3303)
(1891,3304) (1892,3304) (1893,3304)
CENTER: (1892,3303)


========================
KDFW
========================

[ZOOM 9 → Z13/Z14/Z15]
(116,205)(117,205)(118,205)
(116,206)(117,206)(118,206)
(116,207)(118,207)(119,207)
CENTER: (117,206)

[ZOOM 11 → Z16]
(469,825)(470,825)(471,825)
(469,826)(470,826)(471,826)
(469,827)(470,827)(471,827)
CENTER: (470,826)

[ZOOM 13 → Z17]
(1878,3302) (1879,3302) (1880,3302) (1881,3302) (1882,3302)
(1878,3303) (1879,3303) (1880,3303) (1881,3303) (1882,3303)
(1878,3304) (1879,3304) (1880,3304) (1881,3304) (1882,3304)
(1878,3305) (1879,3305) (1880,3305) (1881,3305) (1882,3305)
(1878,3306) (1879,3306) (1880,3306) (1881,3306) (1882,3306)
CENTER: (1880,3304)

[ZOOM 13 → Z18]
(1879,3303) (1880,3303) (1881,3303)
(1879,3304) (1880,3304) (1881,3304)
(1879,3305) (1880,3305) (1881,3305)
CENTER: (1880,3304)


========================
KJFK
========================

[ZOOM 9 → Z13/Z14/Z15]
(150,191)(151,191)(152,191)
(150,192)(151,192)(152,192)
(150,193)(151,193)(152,193)
CENTER: (151,192)

[ZOOM 11 → Z16]
(603,769)(604,769)(605,769)
(603,770)(604,770)(605,770)
(603,771)(604,771)(605,771)
CENTER: (604,770)

[ZOOM 13 → Z17]
(2415,3080) (2416,3080) (2417,3080) (2418,3080) (2419,3080)
(2415,3081) (2416,3081) (2417,3081) (2418,3081) (2419,3081)
(2415,3082) (2416,3082) (2417,3082) (2418,3082) (2419,3082)
(2415,3083) (2416,3083) (2417,3083) (2418,3083) (2419,3083)
(2415,3084) (2416,3084) (2417,3084) (2418,3084) (2419,3084)
CENTER: (2417,3082)

[ZOOM 13 → Z18]
(2416,3081) (2417,3081) (2418,3081)
(2416,3082) (2417,3082) (2418,3082)
(2416,3083) (2417,3083) (2418,3083)
CENTER: (2417,3082)


========================
KLGA
========================

[ZOOM 9 → Z13/Z14/Z15]
(149,191)(150,191)(151,191)
(149,192)(150,192)(151,192)
(149,193)(150,193)(151,193)
CENTER: (150,192)

[ZOOM 11 → Z16]
(602,768)(603,768)(604,768)
(602,769)(603,769)(604,769)
(602,770)(603,770)(604,770)
CENTER: (603,769)

[ZOOM 13 → Z17]
(2412,3076) (2413,3076) (2414,3076) (2415,3076) (2416,3076)
(2412,3077) (2413,3077) (2414,3077) (2415,3077) (2416,3077)
(2412,3078) (2413,3078) (2414,3078) (2415,3078) (2416,3078)
(2412,3079) (2413,3079) (2414,3079) (2415,3079) (2416,3079)
(2412,3080) (2413,3080) (2414,3080) (2415,3080) (2416,3080)
CENTER: (2414,3078)

[ZOOM 13 → Z18]
(2413,3077) (2414,3077) (2415,3077)
(2413,3078) (2414,3078) (2415,3078)
(2413,3079) (2414,3079) (2415,3079)
CENTER: (2414,3078) 